trainset:
Image Name:[140 141 142 144 145	146 149	150 151	153 155	156 157	160 161	163 165	166 168 169 172 173 174 176 177	179 180	182 183	186 187	189 190	191 192 193 195 196 197 198 199 202 203 204 205 206 207 209 210 5 6 7 9 11 12 13 14 15 22 24 25 35 36 47 49 50 51 57 59 68 69 70]
Index:[1 2 3 5 6 7 10 11 12 14 16 17 18	21 22 24 26 27 29 30 33	34 35 37 38 40 41 43 44 47 48 50 51 52 53 54 56 57 58 59 60 63 64 65 66 67 68 70 71 73 74 75 77 79 80 81 82 83 84 86 87 88 89 92 94 95 96 97 98 101 102 103]


validationset:

Image Name:[148 154 162 170 181 201 4 10 46 66]
Index:[9 15 23 31 42 62 72 78 91 99]


testset:

Image Name:[143 147 152 158 159 164 167 171 175 178 184 185 188 194 200 208 8 23 37 48 67]
Index:[4 8 13 19 20 25 28 32 36 39 45 46 49 55 61 69 76 85 90 93 100]